[  0, 0] : 58015703.600
[  0, 1] : 8530.641
[  0, 2] : 7842.272
[  0, 0] : 5893.661
[  0, 1] : 3433.165
[  0, 2] : 2959.133
[  0, 3] : 2651.869
[  0, 4] : 2403.698
[  0, 5] : 2210.413
[  0, 6] : 2067.736
[  0, 7] : 1898.525
[  0, 8] : 1800.601
[  0, 9] : 1720.847
[  0, 0] : 19497.350
[  0, 1] : 3655.884
[  0, 2] : 3334.109
[  0, 3] : 3101.415
[  0, 4] : 2835.799
[  0, 5] : 2646.865
[  0, 6] : 2501.782
[  0, 7] : 2359.730
[  0, 8] : 2261.920
[  0, 9] : 2183.688
[  0, 0] : 149454.462
[  0, 1] : 3748.645
[  0, 2] : 3385.784
[  0, 3] : 3171.440
[  0, 4] : 2941.366
[  0, 5] : 2801.530
[  0, 6] : 2707.879
[  0, 7] : 2561.141
[  0, 8] : 2494.778
[  0, 9] : 2423.359
[  1, 0] : 2333.921
[  1, 1] : 2292.675
[  1, 2] : 2222.386
[  1, 3] : 2160.031
[  1, 4] : 2123.558
[  1, 5] : 2051.459
[  1, 6] : 2002.486
[  1, 7] : 1964.652
[  1, 8] : 1917.555
[  1, 9] : 1857.854
[  2, 0] : 1827.905
[  2, 1] : 1771.504
[  2, 2] : 1740.209
[  2, 3] : 1706.835
[  2, 4] : 1673.020
[  2, 5] : 1632.575
[  2, 6] : 1608.527
[  2, 7] : 1579.896
[  2, 8] : 1560.292
[  2, 9] : 1528.074
[  3, 0] : 1490.398
[  3, 1] : 1463.731
[  3, 2] : 1445.000
[  3, 3] : 1415.878
[  3, 4] : 1396.763
[  3, 5] : 1377.762
[  3, 6] : 1349.564
[  3, 7] : 1325.824
[  3, 8] : 1320.561
[  3, 9] : 1290.565
[  4, 0] : 1280.094
[  4, 1] : 1252.042
[  4, 2] : 1233.095
[  4, 3] : 1223.934
[  4, 4] : 1209.291
[  4, 5] : 1219.764
[  4, 6] : 1190.774
[  4, 7] : 1172.077
[  4, 8] : 1155.974
[  4, 9] : 1146.521
[  5, 0] : 1124.030
[  5, 1] : 1109.083
[  5, 2] : 1109.017
[  5, 3] : 1091.812
[  5, 4] : 1084.511
[  5, 5] : 1079.899
[  5, 6] : 1068.505
[  5, 7] : 1054.224
[  5, 8] : 1052.908
[  5, 9] : 1040.858
[  6, 0] : 1029.318
[  6, 1] : 1015.999
[  6, 2] : 1019.160
[  6, 3] : 1027.731
[  6, 4] : 1020.826
[  6, 5] : 994.167
[  6, 6] : 975.693
[  6, 7] : 974.374
[  6, 8] : 1048.139
[  6, 9] : 984.124
[  7, 0] : 965.462
[  7, 1] : 955.406
[  7, 2] : 942.972
[  7, 3] : 939.381
[  7, 4] : 943.737
[  7, 5] : 931.627
[  7, 6] : 937.999
[  7, 7] : 924.793
[  7, 8] : 920.033
[  7, 9] : 917.626
[  8, 0] : 909.892
[  8, 1] : 907.941
[  8, 2] : 899.474
[  8, 3] : 902.103
[  8, 4] : 883.196
[  8, 5] : 897.110
[  8, 6] : 882.929
[  8, 7] : 880.763
[  8, 8] : 873.310
[  8, 9] : 874.849
[  9, 0] : 866.942
[  9, 1] : 863.806
[  9, 2] : 859.345
[  9, 3] : 862.814
[  9, 4] : 858.132
[  9, 5] : 852.604
[  9, 6] : 851.116
[  9, 7] : 850.432
[  9, 8] : 845.803
[  9, 9] : 841.391
[ 10, 0] : 842.947
[ 10, 1] : 834.291
[ 10, 2] : 829.204
[ 10, 3] : 829.843
[ 10, 4] : 835.759
[ 10, 5] : 829.239
[ 10, 6] : 823.333
[ 10, 7] : 910.661
[ 10, 8] : 871.072
[ 10, 9] : 836.123
[ 11, 0] : 829.227
[ 11, 1] : 820.459
[ 11, 2] : 818.662
[ 11, 3] : 814.569
[ 11, 4] : 815.178
[ 11, 5] : 808.518
[ 11, 6] : 811.256
[ 11, 7] : 808.593
[ 11, 8] : 813.743
[ 11, 9] : 847.600
[ 12, 0] : 825.255
[ 12, 1] : 826.299
[ 12, 2] : 811.733
[ 12, 3] : 810.672
[ 12, 4] : 803.417
[ 12, 5] : 811.624
[ 12, 6] : 809.992
[ 12, 7] : 799.572
[ 12, 8] : 801.415
[ 12, 9] : 802.656
[ 13, 0] : 791.819
[ 13, 1] : 797.370
[ 13, 2] : 790.220
[ 13, 3] : 797.692
[ 13, 4] : 795.567
[ 13, 5] : 791.660
[ 13, 6] : 795.383
[ 13, 7] : 806.666
[ 13, 8] : 807.753
[ 13, 9] : 794.483
[ 14, 0] : 787.416
[ 14, 1] : 783.237
[ 14, 2] : 781.352
[ 14, 3] : 786.459
[ 14, 4] : 782.681
[ 14, 5] : 782.173
[ 14, 6] : 787.055
[ 14, 7] : 788.115
[ 14, 8] : 783.760
[ 14, 9] : 784.954
[ 15, 0] : 773.768
[ 15, 1] : 794.803
[ 15, 2] : 785.970
[ 15, 3] : 774.344
[ 15, 4] : 777.714
[ 15, 5] : 776.901
[ 15, 6] : 775.281
[ 15, 7] : 773.889
[ 15, 8] : 773.682
[ 15, 9] : 777.648
[ 16, 0] : 768.904
[ 16, 1] : 764.301
[ 16, 2] : 766.747
[ 16, 3] : 772.729
[ 16, 4] : 766.886
[ 16, 5] : 775.852
[ 16, 6] : 774.453
[ 16, 7] : 770.093
[ 16, 8] : 765.344
[ 16, 9] : 763.971
[ 17, 0] : 768.766
[ 17, 1] : 764.452
[ 17, 2] : 761.493
[ 17, 3] : 760.073
[ 17, 4] : 762.700
[ 17, 5] : 764.865
[ 17, 6] : 762.587
[ 17, 7] : 764.483
[ 17, 8] : 762.084
[ 17, 9] : 763.331
[ 18, 0] : 750.326
[ 18, 1] : 767.065
[ 18, 2] : 760.643
[ 18, 3] : 763.080
[ 18, 4] : 762.599
[ 18, 5] : 761.341
[ 18, 6] : 759.775
[ 18, 7] : 760.535
[ 18, 8] : 763.085
[ 18, 9] : 756.086
[ 19, 0] : 753.603
[ 19, 1] : 748.556
[ 19, 2] : 759.370
[ 19, 3] : 751.025
[ 19, 4] : 753.604
[ 19, 5] : 756.071
[ 19, 6] : 757.273
[ 19, 7] : 755.261
[ 19, 8] : 752.652
[ 19, 9] : 753.587
[ 20, 0] : 749.962
[ 20, 1] : 761.755
[ 20, 2] : 767.972
[ 20, 3] : 751.392
[ 20, 4] : 748.309
[ 20, 5] : 750.562
[ 20, 6] : 748.068
[ 20, 7] : 749.725
[ 20, 8] : 749.021
[ 20, 9] : 748.926
[ 21, 0] : 748.958
[ 21, 1] : 746.853
[ 21, 2] : 749.653
[ 21, 3] : 744.189
[ 21, 4] : 744.914
[ 21, 5] : 746.104
[ 21, 6] : 748.681
[ 21, 7] : 744.764
[ 21, 8] : 740.691
[ 21, 9] : 748.204
[ 22, 0] : 745.382
[ 22, 1] : 741.474
[ 22, 2] : 746.538
[ 22, 3] : 741.389
[ 22, 4] : 750.896
[ 22, 5] : 742.600
[ 22, 6] : 743.185
[ 22, 7] : 738.805
[ 22, 8] : 741.860
[ 22, 9] : 742.266
[ 23, 0] : 737.719
[ 23, 1] : 739.964
[ 23, 2] : 742.866
[ 23, 3] : 750.601
[ 23, 4] : 741.674
[ 23, 5] : 737.972
[ 23, 6] : 738.908
[ 23, 7] : 738.054
[ 23, 8] : 740.622
[ 23, 9] : 742.335
[ 24, 0] : 737.935
[ 24, 1] : 736.345
[ 24, 2] : 734.046
[ 24, 3] : 735.012
[ 24, 4] : 736.133
[ 24, 5] : 736.061
[ 24, 6] : 733.745
[ 24, 7] : 745.716
[ 24, 8] : 740.017
[ 24, 9] : 742.760
[ 25, 0] : 736.574
[ 25, 1] : 728.537
[ 25, 2] : 737.764
[ 25, 3] : 747.546
[ 25, 4] : 736.367
[ 25, 5] : 734.767
[ 25, 6] : 734.164
[ 25, 7] : 737.583
[ 25, 8] : 731.226
[ 25, 9] : 731.719
[ 26, 0] : 729.292
[ 26, 1] : 730.971
[ 26, 2] : 736.154
[ 26, 3] : 734.320
[ 26, 4] : 733.765
[ 26, 5] : 747.951
[ 26, 6] : 740.512
[ 26, 7] : 736.448
[ 26, 8] : 732.878
[ 26, 9] : 773.009
[ 27, 0] : 771.739
[ 27, 1] : 744.337
[ 27, 2] : 736.127
[ 27, 3] : 733.223
[ 27, 4] : 731.085
[ 27, 5] : 725.078
[ 27, 6] : 731.109
[ 27, 7] : 734.645
[ 27, 8] : 725.724
[ 27, 9] : 735.107
[ 28, 0] : 728.879
[ 28, 1] : 728.347
[ 28, 2] : 729.977
[ 28, 3] : 724.684
[ 28, 4] : 737.806
[ 28, 5] : 729.925
[ 28, 6] : 732.347
[ 28, 7] : 728.382
[ 28, 8] : 729.134
[ 28, 9] : 726.445
[ 29, 0] : 730.519
[ 29, 1] : 728.308
[ 29, 2] : 725.361
[ 29, 3] : 725.374
[ 29, 4] : 727.306
[ 29, 5] : 726.185
[ 29, 6] : 726.238
[ 29, 7] : 736.141
[ 29, 8] : 723.290
[ 29, 9] : 726.392
[ 30, 0] : 722.444
[ 30, 1] : 728.146
[ 30, 2] : 720.493
[ 30, 3] : 725.019
[ 30, 4] : 722.949
[ 30, 5] : 726.671
[ 30, 6] : 722.045
[ 30, 7] : 725.453
[ 30, 8] : 725.509
[ 30, 9] : 725.797
[ 31, 0] : 719.352
[ 31, 1] : 722.707
[ 31, 2] : 720.558
[ 31, 3] : 723.391
[ 31, 4] : 720.487
[ 31, 5] : 720.541
[ 31, 6] : 721.621
[ 31, 7] : 722.575
[ 31, 8] : 730.849
[ 31, 9] : 726.885
[ 32, 0] : 720.734
[ 32, 1] : 722.532
[ 32, 2] : 718.578
[ 32, 3] : 722.026
[ 32, 4] : 719.474
[ 32, 5] : 721.391
[ 32, 6] : 718.628
[ 32, 7] : 721.550
[ 32, 8] : 721.922
[ 32, 9] : 720.832
[ 33, 0] : 714.382
[ 33, 1] : 718.087
[ 33, 2] : 724.517
[ 33, 3] : 717.223
[ 33, 4] : 725.241
[ 33, 5] : 721.029
[ 33, 6] : 718.148
[ 33, 7] : 720.799
[ 33, 8] : 714.708
[ 33, 9] : 720.285
[ 34, 0] : 720.224
[ 34, 1] : 718.468
[ 34, 2] : 713.986
[ 34, 3] : 720.787
[ 34, 4] : 716.480
[ 34, 5] : 719.301
[ 34, 6] : 720.923
[ 34, 7] : 714.338
[ 34, 8] : 717.045
[ 34, 9] : 713.185
[ 35, 0] : 712.038
[ 35, 1] : 713.548
[ 35, 2] : 718.684
[ 35, 3] : 716.688
[ 35, 4] : 713.307
[ 35, 5] : 715.111
[ 35, 6] : 720.936
[ 35, 7] : 718.865
[ 35, 8] : 714.603
[ 35, 9] : 712.956
[ 36, 0] : 709.402
[ 36, 1] : 713.448
[ 36, 2] : 712.305
[ 36, 3] : 717.091
[ 36, 4] : 716.968
[ 36, 5] : 713.577
[ 36, 6] : 726.013
[ 36, 7] : 712.892
[ 36, 8] : 714.710
[ 36, 9] : 710.285
[ 37, 0] : 707.193
[ 37, 1] : 710.151
[ 37, 2] : 711.389
[ 37, 3] : 711.385
[ 37, 4] : 721.358
[ 37, 5] : 718.165
[ 37, 6] : 710.237
[ 37, 7] : 712.343
[ 37, 8] : 712.784
[ 37, 9] : 713.647
[ 38, 0] : 707.889
[ 38, 1] : 712.031
[ 38, 2] : 711.753
[ 38, 3] : 710.515
[ 38, 4] : 711.041
[ 38, 5] : 708.014
[ 38, 6] : 712.136
[ 38, 7] : 713.403
[ 38, 8] : 711.940
[ 38, 9] : 713.871
[ 39, 0] : 711.036
[ 39, 1] : 707.712
[ 39, 2] : 710.150
[ 39, 3] : 706.923
[ 39, 4] : 708.582
[ 39, 5] : 713.272
[ 39, 6] : 709.775
[ 39, 7] : 706.597
[ 39, 8] : 713.269
[ 39, 9] : 712.533
[ 40, 0] : 704.921
[ 40, 1] : 708.649
[ 40, 2] : 706.072
[ 40, 3] : 711.693
[ 40, 4] : 707.957
[ 40, 5] : 709.672
[ 40, 6] : 706.955
[ 40, 7] : 712.160
[ 40, 8] : 718.777
[ 40, 9] : 709.499
[ 41, 0] : 702.843
[ 41, 1] : 707.637
[ 41, 2] : 702.711
[ 41, 3] : 706.982
[ 41, 4] : 709.813
[ 41, 5] : 710.202
[ 41, 6] : 710.191
[ 41, 7] : 705.164
[ 41, 8] : 709.383
[ 41, 9] : 707.099
[ 42, 0] : 706.865
[ 42, 1] : 704.069
[ 42, 2] : 705.080
[ 42, 3] : 704.316
[ 42, 4] : 708.651
[ 42, 5] : 706.352
[ 42, 6] : 708.847
[ 42, 7] : 707.085
[ 42, 8] : 709.070
[ 42, 9] : 712.958
[ 43, 0] : 704.578
[ 43, 1] : 703.936
[ 43, 2] : 702.930
[ 43, 3] : 700.942
[ 43, 4] : 703.664
[ 43, 5] : 702.825
[ 43, 6] : 705.314
[ 43, 7] : 708.729
[ 43, 8] : 705.013
[ 43, 9] : 713.313
[ 44, 0] : 705.041
[ 44, 1] : 699.369
[ 44, 2] : 703.348
[ 44, 3] : 702.664
[ 44, 4] : 705.723
[ 44, 5] : 704.713
[ 44, 6] : 704.382
[ 44, 7] : 710.930
[ 44, 8] : 705.146
[ 44, 9] : 702.123
[ 45, 0] : 700.289
[ 45, 1] : 700.562
[ 45, 2] : 706.127
[ 45, 3] : 704.057
[ 45, 4] : 700.828
[ 45, 5] : 704.261
[ 45, 6] : 704.757
[ 45, 7] : 704.689
[ 45, 8] : 700.817
[ 45, 9] : 702.049
[ 46, 0] : 697.082
[ 46, 1] : 695.787
[ 46, 2] : 700.081
[ 46, 3] : 703.818
[ 46, 4] : 698.928
[ 46, 5] : 703.823
[ 46, 6] : 705.848
[ 46, 7] : 704.905
[ 46, 8] : 700.148
[ 46, 9] : 702.444
[ 47, 0] : 700.346
[ 47, 1] : 701.541
[ 47, 2] : 698.530
[ 47, 3] : 697.931
[ 47, 4] : 698.646
[ 47, 5] : 701.525
[ 47, 6] : 705.679
[ 47, 7] : 699.284
[ 47, 8] : 703.766
[ 47, 9] : 702.308
[ 48, 0] : 695.988
[ 48, 1] : 697.479
[ 48, 2] : 699.930
[ 48, 3] : 698.110
[ 48, 4] : 701.087
[ 48, 5] : 700.648
[ 48, 6] : 701.293
[ 48, 7] : 699.895
[ 48, 8] : 705.582
[ 48, 9] : 701.006
[ 49, 0] : 700.613
[ 49, 1] : 699.186
[ 49, 2] : 696.617
[ 49, 3] : 697.732
[ 49, 4] : 702.018
[ 49, 5] : 698.731
[ 49, 6] : 696.623
[ 49, 7] : 698.799
[ 49, 8] : 699.995
[ 49, 9] : 701.097
[ 50, 0] : 695.389
[ 50, 1] : 694.275
[ 50, 2] : 697.708
[ 50, 3] : 696.922
[ 50, 4] : 696.526
[ 50, 5] : 699.963
[ 50, 6] : 697.000
[ 50, 7] : 700.062
[ 50, 8] : 697.554
[ 50, 9] : 704.644
[ 51, 0] : 700.132
[ 51, 1] : 695.531
[ 51, 2] : 695.836
[ 51, 3] : 694.460
[ 51, 4] : 695.308
[ 51, 5] : 697.777
[ 51, 6] : 696.298
[ 51, 7] : 711.277
[ 51, 8] : 700.675
[ 51, 9] : 693.908
[ 52, 0] : 692.620
[ 52, 1] : 695.121
[ 52, 2] : 694.224
