[  0, 0] : 894070875037.243
[  0, 1] : 4398153735.841
[  0, 2] : 24524599036.771
[  0, 3] : 5907232.607
[  0, 0] : 24047585.905
[  0, 1] : 4553.749
[  0, 2] : 4286.510
[  0, 3] : 4145.399
[  0, 4] : 4032.966
[  0, 5] : 3914.887
[  0, 6] : 3829.230
[  0, 7] : 3738.910
[  0, 8] : 3658.159
[  0, 9] : 3571.885
[  0, 10] : 3873.256
[  0, 11] : 3490.185
[  0, 12] : 3401.105
[  0, 13] : 3363.526
[  0, 14] : 3305.003
[  0, 15] : 3261.741
[  0, 16] : 3202.374
[  0, 17] : 3121.839
[  0, 18] : 3084.924
[  0, 19] : 3028.401
[  0, 20] : 2975.363
[  0, 21] : 2937.211
[  0, 22] : 2889.138
[  0, 23] : 2853.794
[  0, 24] : 2814.337
[  0, 25] : 2759.270
[  0, 26] : 2724.072
[  0, 27] : 2669.468
[  0, 28] : 2625.044
[  0, 29] : 2580.273
[  0, 30] : 2520.606
[  0, 31] : 2485.603
[  0, 32] : 2431.218
[  0, 33] : 2378.798
[  0, 34] : 2346.338
[  0, 35] : 2273.396
[  0, 36] : 2221.316
[  0, 37] : 2179.738
[  0, 38] : 2140.282
[  0, 39] : 2091.317
[  0, 40] : 2047.395
[  0, 41] : 1994.069
[  0, 42] : 1953.638
[  0, 43] : 1909.273
[  0, 44] : 1865.978
[  0, 45] : 1825.319
[  0, 46] : 1770.503
[  0, 47] : 1742.042
[  0, 48] : 1690.653
[  0, 49] : 1666.314
[  0, 50] : 1620.456
[  0, 51] : 1592.851
[  0, 52] : 1558.460
[  0, 53] : 1535.638
[  0, 54] : 1514.491
[  0, 55] : 1491.718
[  0, 56] : 1462.937
[  0, 57] : 1434.563
[  0, 58] : 1419.327
[  0, 59] : 1398.825
[  0, 60] : 1366.705
[  0, 61] : 1355.605
[  0, 62] : 1330.979
[  0, 63] : 1491.274
[  0, 64] : 1376.795
[  0, 65] : 1327.124
[  0, 66] : 1303.870
[  0, 67] : 1268.959
[  0, 68] : 1255.623
[  0, 69] : 1273.815
[  0, 70] : 1240.576
[  0, 71] : 1224.976
[  0, 72] : 1229.993
[  0, 73] : 1209.927
[  0, 74] : 1201.390
[  0, 75] : 1190.421
[  0, 76] : 1173.163
[  0, 77] : 1170.081
[  0, 78] : 1160.511
[  0, 79] : 1160.735
[  0, 80] : 1143.955
[  0, 81] : 1160.653
[  0, 82] : 1147.200
[  0, 83] : 1138.286
[  0, 84] : 1156.118
[  0, 85] : 1134.893
[  0, 86] : 1133.333
[  0, 87] : 1122.498
[  0, 88] : 1117.324
[  0, 89] : 1112.689
[  0, 90] : 1110.494
[  0, 91] : 1117.385
[  0, 92] : 1101.986
[  0, 93] : 1103.001
[  0, 94] : 1105.708
[  0, 95] : 1104.061
[  0, 96] : 1097.181
[  0, 97] : 1095.303
[  0, 98] : 1091.504
[  0, 99] : 1092.215
[  1, 0] : 1088.838
[  1, 1] : 1082.743
[  1, 2] : 1082.438
[  1, 3] : 1083.309
[  1, 4] : 1086.379
[  1, 5] : 1078.727
[  1, 6] : 1078.095
[  1, 7] : 1083.847
[  1, 8] : 1075.873
[  1, 9] : 1067.802
[  1, 10] : 1072.793
[  1, 11] : 1070.457
[  1, 12] : 1066.829
[  1, 13] : 1069.389
[  1, 14] : 1062.277
[  1, 15] : 1062.529
[  1, 16] : 1062.736
[  1, 17] : 1117.345
[  1, 18] : 1065.733
[  1, 19] : 1061.432
[  1, 20] : 1065.811
[  1, 21] : 1061.837
[  1, 22] : 1060.771
[  1, 23] : 1057.055
[  1, 24] : 1052.510
[  1, 25] : 1057.156
[  1, 26] : 1059.502
[  1, 27] : 1055.181
[  1, 28] : 1052.198
[  1, 29] : 1056.800
[  1, 30] : 1051.614
[  1, 31] : 1048.627
[  1, 32] : 1045.254
[  1, 33] : 1043.702
[  1, 34] : 1044.380
[  1, 35] : 1048.874
[  1, 36] : 1048.463
[  1, 37] : 1053.343
[  1, 38] : 1048.355
[  1, 39] : 1041.111
[  1, 40] : 1043.567
[  1, 41] : 1038.269
[  1, 42] : 1038.658
[  1, 43] : 1039.489
[  1, 44] : 1043.714
[  1, 45] : 1041.191
[  1, 46] : 1036.412
[  1, 47] : 1036.555
[  1, 48] : 1036.372
[  1, 49] : 1034.872
[  1, 50] : 1054.419
[  1, 51] : 1039.155
[  1, 52] : 1036.583
[  1, 53] : 1034.540
[  1, 54] : 1030.607
[  1, 55] : 1036.242
[  1, 56] : 1035.126
[  1, 57] : 1032.969
[  1, 58] : 1033.309
[  1, 59] : 1031.769
[  1, 60] : 1031.340
[  1, 61] : 1026.510
[  1, 62] : 1025.980
[  1, 63] : 1029.256
[  1, 64] : 1025.840
[  1, 65] : 1023.691
[  1, 66] : 1021.365
[  1, 67] : 1031.479
[  1, 68] : 1026.194
[  1, 69] : 1031.123
[  1, 70] : 1028.309
[  1, 71] : 1024.334
[  1, 72] : 1036.499
[  1, 73] : 1025.860
[  1, 74] : 1017.843
[  1, 75] : 1021.112
[  1, 76] : 1022.260
[  1, 77] : 1022.760
[  1, 78] : 1021.572
[  1, 79] : 1023.208
[  1, 80] : 1016.638
[  1, 81] : 1013.134
[  1, 82] : 1019.662
[  1, 83] : 1022.874
[  1, 84] : 1024.293
[  1, 85] : 1020.327
[  1, 86] : 1025.945
[  1, 87] : 1018.646
[  1, 88] : 1010.992
[  1, 89] : 1017.225
[  1, 90] : 1017.340
[  1, 91] : 1016.421
[  1, 92] : 1014.586
[  1, 93] : 1016.299
[  1, 94] : 1015.048
[  1, 95] : 1011.375
[  1, 96] : 1017.525
[  1, 97] : 1008.498
[  1, 98] : 1011.518
[  1, 99] : 1015.888
[  2, 0] : 1013.774
[  2, 1] : 1011.145
[  2, 2] : 1013.053
[  2, 3] : 1010.760
[  2, 4] : 1010.036
[  2, 5] : 1015.746
[  2, 6] : 1008.433
[  2, 7] : 1012.825
[  2, 8] : 1007.464
[  2, 9] : 1010.900
[  2, 10] : 1006.728
[  2, 11] : 1005.829
[  2, 12] : 1011.363
[  2, 13] : 1008.267
[  2, 14] : 1004.665
[  2, 15] : 998.612
[  2, 16] : 1004.265
[  2, 17] : 1008.310
[  2, 18] : 1003.254
[  2, 19] : 1008.124
[  2, 20] : 1010.112
[  2, 21] : 1007.208
[  2, 22] : 1012.130
[  2, 23] : 1001.381
[  2, 24] : 1005.851
[  2, 25] : 1008.311
[  2, 26] : 1002.416
[  2, 27] : 1004.098
[  2, 28] : 1015.449
[  2, 29] : 1003.365
[  2, 30] : 1004.434
[  2, 31] : 1009.164
[  2, 32] : 1000.609
[  2, 33] : 1003.904
[  2, 34] : 999.968
[  2, 35] : 1002.776
[  2, 36] : 1003.792
[  2, 37] : 1003.370
[  2, 38] : 1001.894
[  2, 39] : 1000.293
[  2, 40] : 1003.425
[  2, 41] : 1002.294
[  2, 42] : 1000.835
[  2, 43] : 1000.472
[  2, 44] : 995.551
[  2, 45] : 1000.078
[  2, 46] : 996.412
[  2, 47] : 995.591
[  2, 48] : 998.613
[  2, 49] : 998.198
[  2, 50] : 998.326
[  2, 51] : 995.076
[  2, 52] : 996.247
[  2, 53] : 993.165
[  2, 54] : 1000.704
[  2, 55] : 996.745
[  2, 56] : 1004.500
[  2, 57] : 992.924
[  2, 58] : 998.050
[  2, 59] : 1000.569
[  2, 60] : 995.477
[  2, 61] : 997.416
[  2, 62] : 994.416
[  2, 63] : 993.431
[  2, 64] : 995.228
[  2, 65] : 993.137
[  2, 66] : 997.879
[  2, 67] : 989.985
[  2, 68] : 999.632
[  2, 69] : 996.820
[  2, 70] : 992.189
[  2, 71] : 993.510
[  2, 72] : 994.121
[  2, 73] : 996.963
[  2, 74] : 991.914
[  2, 75] : 995.510
[  2, 76] : 992.468
[  2, 77] : 994.863
[  2, 78] : 1010.506
[  2, 79] : 998.060
[  2, 80] : 989.375
[  2, 81] : 990.819
[  2, 82] : 990.200
[  2, 83] : 990.594
[  2, 84] : 991.788
[  2, 85] : 990.313
[  2, 86] : 996.560
[  2, 87] : 996.961
[  2, 88] : 989.590
[  2, 89] : 995.827
[  2, 90] : 990.041
[  2, 91] : 995.280
[  2, 92] : 992.049
[  2, 93] : 991.124
[  2, 94] : 993.739
[  2, 95] : 991.561
[  2, 96] : 991.472
[  2, 97] : 988.586
[  2, 98] : 987.807
[  2, 99] : 986.446
[  3, 0] : 993.279
[  3, 1] : 990.666
[  3, 2] : 982.885
[  3, 3] : 987.041
[  3, 4] : 986.174
[  3, 5] : 987.977
[  3, 6] : 988.439
[  3, 7] : 990.237
[  3, 8] : 985.500
[  3, 9] : 991.171
[  3, 10] : 987.717
[  3, 11] : 987.014
[  3, 12] : 987.847
[  3, 13] : 981.696
[  3, 14] : 984.452
[  3, 15] : 985.223
[  3, 16] : 983.367
[  3, 17] : 985.572
[  3, 18] : 983.994
[  3, 19] : 983.185
[  3, 20] : 981.296
[  3, 21] : 985.613
[  3, 22] : 990.704
[  3, 23] : 981.981
[  3, 24] : 985.721
[  3, 25] : 983.249
[  3, 26] : 986.415
[  3, 27] : 983.230
[  3, 28] : 979.856
[  3, 29] : 979.856
[  3, 30] : 979.662
[  3, 31] : 982.479
[  3, 32] : 989.904
[  3, 33] : 981.728
[  3, 34] : 985.243
[  3, 35] : 984.633
[  3, 36] : 980.716
[  3, 37] : 978.268
[  3, 38] : 981.300
[  3, 39] : 986.824
[  3, 40] : 987.594
[  3, 41] : 982.112
[  3, 42] : 977.796
[  3, 43] : 982.038
[  3, 44] : 983.718
[  3, 45] : 980.479
[  3, 46] : 982.639
[  3, 47] : 983.506
[  3, 48] : 983.460
[  3, 49] : 981.274
[  3, 50] : 990.494
[  3, 51] : 983.088
[  3, 52] : 982.970
[  3, 53] : 981.680
[  3, 54] : 983.924
[  3, 55] : 979.465
[  3, 56] : 978.578
[  3, 57] : 979.775
[  3, 58] : 979.302
[  3, 59] : 982.249
[  3, 60] : 977.939
[  3, 61] : 982.611
[  3, 62] : 980.256
[  0, 0] : 24005909.995
