[  0, 0] : 923.646
[  0, 1] : 860.134
[  0, 2] : 819.967
[  0, 3] : 794.340
[  0, 4] : 772.325
[  0, 5] : 754.658
[  0, 6] : 741.535
[  0, 7] : 729.599
[  0, 8] : 719.274
[  0, 9] : 710.149
[  1, 0] : 621.483
[  1, 1] : 616.661
[  1, 2] : 612.558
[  0, 0] : 941.772
[  0, 1] : 889.540
[  0, 2] : 856.049
[  0, 3] : 835.275
[  0, 4] : 818.375
[  0, 5] : 803.912
[  0, 6] : 793.555
[  0, 7] : 783.888
[  0, 8] : 775.487
[  0, 9] : 768.056
[  1, 0] : 695.811
[  1, 1] : 693.259
[  1, 2] : 689.907
[  1, 3] : 687.797
[  0, 0] : 94.192
[  0, 1] : 87.825
[  0, 2] : 84.212
[  0, 3] : 81.863
[  0, 4] : 79.786
[  0, 5] : 78.069
[  0, 6] : 76.839
[  0, 7] : 75.749
[  0, 8] : 74.819
[  0, 9] : 74.026
[  1, 0] : 66.610
[  1, 1] : 66.298
[  1, 2] : 66.139
[  1, 3] : 65.995
[  1, 4] : 65.601
[  1, 5] : 65.184
[  1, 6] : 64.960
[  1, 7] : 64.663
[  1, 8] : 64.383
[  1, 9] : 64.123
[  2, 0] : 61.591
[  2, 1] : 61.355
[  2, 2] : 61.222
[  2, 3] : 61.165
[  2, 4] : 60.888
[  2, 5] : 60.520
[  2, 6] : 60.381
[  2, 7] : 60.167
[  2, 8] : 59.977
[  2, 9] : 59.830
[  3, 0] : 58.523
[  3, 1] : 58.543
[  3, 2] : 58.562
[  3, 3] : 58.598
[  3, 4] : 58.425
[  3, 5] : 58.117
[  3, 6] : 58.064
[  3, 7] : 57.926
[  3, 8] : 57.808
[  3, 9] : 57.714
[  4, 0] : 57.196
[  4, 1] : 57.224
[  4, 2] : 57.251
[  4, 3] : 57.326
[  0, 0] : 3.114
[  0, 1] : 2.023
[  0, 2] : 1.629
[  0, 3] : 1.418
[  0, 4] : 1.284
[  0, 5] : 1.190
[  0, 6] : 1.124
[  0, 7] : 1.072
[  0, 8] : 1.030
[  0, 9] : 0.996
[  1, 0] : 0.691
[  1, 1] : 0.688
[  1, 2] : 0.686
[  1, 3] : 0.686
[  1, 4] : 0.683
[  1, 5] : 0.680
[  1, 6] : 0.679
[  1, 7] : 0.677
[  1, 8] : 0.675
[  1, 9] : 0.674
[  2, 0] : 0.662
[  2, 1] : 0.661
[  2, 2] : 0.661
[  2, 3] : 0.662
[  0, 0] : 931.952
[  0, 1] : 868.019
[  0, 2] : 827.350
[  0, 3] : 801.440
[  0, 4] : 779.196
[  0, 5] : 761.367
[  0, 6] : 748.123
[  0, 7] : 736.102
[  0, 8] : 725.704
[  0, 9] : 716.512
[  1, 0] : 627.528
[  1, 1] : 623.495
[  1, 2] : 621.459
[  1, 3] : 618.989
[  1, 4] : 614.063
[  1, 5] : 608.648
[  1, 6] : 605.102
[  1, 7] : 601.015
[  0, 0] : 94.071
[  0, 1] : 73.573
[  0, 2] : 63.665
[  0, 3] : 57.608
[  0, 4] : 52.985
[  0, 5] : 49.767
[  0, 6] : 47.262
[  0, 7] : 45.233
[  0, 8] : 43.579
[  0, 9] : 42.228
[  1, 0] : 28.971
[  1, 1] : 28.602
[  1, 2] : 28.886
[  1, 3] : 29.065
[  1, 4] : 28.790
[  1, 5] : 28.542
[  1, 6] : 28.369
[  1, 7] : 28.166
[  1, 8] : 28.017
[  1, 9] : 27.870
[  2, 0] : 25.878
[  2, 1] : 25.820
[  2, 2] : 26.091
[  2, 3] : 26.297
[  2, 4] : 26.229
[  2, 5] : 26.054
[  2, 6] : 25.971
[  2, 7] : 25.870
[  2, 8] : 25.782
[  2, 9] : 25.672
[  3, 0] : 24.364
[  3, 1] : 24.399
[  3, 2] : 24.651
[  3, 3] : 24.785
[  3, 4] : 24.765
[  3, 5] : 24.654
[  0, 0] : 94.071
[  0, 1] : 73.491
[  0, 2] : 63.652
[  0, 3] : 57.610
[  0, 4] : 53.020
[  0, 5] : 49.849
[  0, 6] : 47.359
[  0, 7] : 45.395
[  0, 8] : 43.743
[  0, 9] : 42.369
[  1, 0] : 28.708
[  1, 1] : 28.515
[  1, 2] : 28.921
[  1, 3] : 29.142
[  1, 4] : 28.885
[  1, 5] : 28.626
[  1, 6] : 28.447
[  1, 7] : 28.271
[  1, 8] : 28.090
[  1, 9] : 27.932
[  2, 0] : 25.667
[  2, 1] : 25.663
[  2, 2] : 26.125
[  0, 0] : 86.273
[  0, 1] : 66.774
[  0, 2] : 57.830
[  0, 3] : 52.525
[  0, 4] : 48.504
[  0, 5] : 45.653
[  0, 6] : 43.455
[  0, 7] : 41.759
[  0, 8] : 40.315
[  0, 9] : 39.142
[  0, 0] : 86.748
[  0, 1] : 67.064
[  0, 2] : 58.018
[  0, 3] : 52.681
[  0, 4] : 48.619
[  0, 5] : 45.809
[  0, 6] : 43.586
[  0, 7] : 41.897
[  0, 8] : 40.461
[  0, 9] : 39.296
[  1, 0] : 27.864
[  1, 1] : 27.591
[  1, 2] : 27.824
[  1, 3] : 28.063
[  1, 4] : 27.889
[  1, 5] : 27.653
[  1, 6] : 27.460
[  1, 7] : 27.296
[  1, 8] : 27.162
[  1, 9] : 27.056
[  2, 0] : 25.161
[  2, 1] : 25.129
[  2, 2] : 25.441
[  2, 3] : 25.724
[  2, 4] : 25.657
[  2, 5] : 25.500
[  2, 6] : 25.400
[  2, 7] : 25.282
[  2, 8] : 25.191
[  2, 9] : 25.132
[  3, 0] : 23.595
[  3, 1] : 23.709
[  3, 2] : 24.066
[  3, 3] : 24.279
[  3, 4] : 24.284
[  3, 5] : 24.146
[  3, 6] : 24.102
[  3, 7] : 24.014
[  3, 8] : 23.947
[  3, 9] : 23.903
[  4, 0] : 22.707
[  4, 1] : 22.879
[  4, 2] : 23.217
[  4, 3] : 23.361
[  4, 4] : 23.370
[  4, 5] : 23.284
[  4, 6] : 23.250
[  4, 7] : 23.170
[  4, 8] : 23.123
[  4, 9] : 23.095
[  5, 0] : 22.123
[  5, 1] : 22.317
[  5, 2] : 22.645
[  5, 3] : 22.824
[  5, 4] : 22.849
[  5, 5] : 22.778
[  5, 6] : 22.755
[  5, 7] : 22.685
[  5, 8] : 22.633
[  5, 9] : 22.603
[  6, 0] : 21.676
[  6, 1] : 21.912
[  6, 2] : 22.242
[  6, 3] : 22.371
[  6, 4] : 22.380
[  6, 5] : 22.318
[  6, 6] : 22.307
[  6, 7] : 22.248
[  6, 8] : 22.202
[  6, 9] : 22.189
[  7, 0] : 21.317
[  7, 1] : 21.613
[  7, 2] : 21.919
[  7, 3] : 22.052
[  7, 4] : 22.057
[  7, 5] : 22.005
[  7, 6] : 21.997
[  7, 7] : 21.934
[  7, 8] : 21.891
[  7, 9] : 21.862
[  8, 0] : 20.912
[  8, 1] : 21.230
[  8, 2] : 21.503
[  8, 3] : 21.624
[  8, 4] : 21.637
[  8, 5] : 21.591
[  8, 6] : 21.595
[  8, 7] : 21.541
[  8, 8] : 21.511
[  8, 9] : 21.499
[  9, 0] : 20.600
[  9, 1] : 20.941
[  9, 2] : 21.255
[  9, 3] : 21.376
[  9, 4] : 21.394
[  9, 5] : 21.342
[  9, 6] : 21.355
[  9, 7] : 21.297
[  9, 8] : 21.258
[  9, 9] : 21.235
[ 10, 0] : 20.297
[ 10, 1] : 20.608
[ 10, 2] : 20.915
[ 10, 3] : 21.076
[ 10, 4] : 21.107
[ 10, 5] : 21.080
[ 10, 6] : 21.096
[ 10, 7] : 21.049
[ 10, 8] : 21.014
[ 10, 9] : 20.994
[ 11, 0] : 20.065
[ 11, 1] : 20.442
[ 11, 2] : 20.714
[ 11, 3] : 20.787
[ 11, 4] : 20.823
[ 11, 5] : 20.798
[ 11, 6] : 20.805
[ 11, 7] : 20.753
[ 11, 8] : 20.726
[ 11, 9] : 20.714
[ 12, 0] : 19.895
[ 12, 1] : 20.223
[ 12, 2] : 20.483
[ 12, 3] : 20.586
[ 12, 4] : 20.613
[ 12, 5] : 20.597
[ 12, 6] : 20.605
[ 12, 7] : 20.552
[ 12, 8] : 20.528
[ 12, 9] : 20.506
[ 13, 0] : 19.728
[ 13, 1] : 20.052
[ 13, 2] : 20.251
[ 13, 3] : 20.366
[ 13, 4] : 20.404
[ 13, 5] : 20.372
[ 13, 6] : 20.389
[ 13, 7] : 20.347
[ 13, 8] : 20.330
[ 13, 9] : 20.325
[ 14, 0] : 19.548
[ 14, 1] : 19.853
[ 14, 2] : 20.048
[ 14, 3] : 20.166
[ 14, 4] : 20.202
[ 14, 5] : 20.179
[ 14, 6] : 20.206
[ 14, 7] : 20.164
[ 14, 8] : 20.148
[ 14, 9] : 20.134
[ 15, 0] : 19.371
[ 15, 1] : 19.729
[ 15, 2] : 19.944
[ 15, 3] : 19.994
[ 15, 4] : 20.046
[ 15, 5] : 20.012
[ 15, 6] : 20.047
[ 15, 7] : 20.014
[ 15, 8] : 20.008
[ 15, 9] : 19.996
[ 16, 0] : 19.322
[ 16, 1] : 19.597
[ 16, 2] : 19.761
[ 16, 3] : 19.848
[ 16, 4] : 19.898
[ 16, 5] : 19.864
[ 16, 6] : 19.879
[ 16, 7] : 19.850
[ 16, 8] : 19.847
[ 16, 9] : 19.849
[ 17, 0] : 19.167
[ 17, 1] : 19.477
[ 17, 2] : 19.620
[ 17, 3] : 19.669
[ 17, 4] : 19.715
[ 17, 5] : 19.690
[ 17, 6] : 19.720
[ 17, 7] : 19.689
[ 17, 8] : 19.696
[ 17, 9] : 19.690
[ 18, 0] : 19.007
[ 18, 1] : 19.315
[ 18, 2] : 19.501
[ 18, 3] : 19.577
[ 18, 4] : 19.629
[ 18, 5] : 19.619
[ 18, 6] : 19.666
[ 18, 7] : 19.638
[ 18, 8] : 19.641
[ 18, 9] : 19.644
[ 19, 0] : 19.032
[ 19, 1] : 19.307
[ 19, 2] : 19.498
[ 19, 3] : 19.549
[ 19, 4] : 19.564
[ 19, 5] : 19.555
[ 19, 6] : 19.569
[ 19, 7] : 19.543
[ 19, 8] : 19.549
[ 19, 9] : 19.553
