[  0, 0] : 1036068529.231
[  0, 1] : 633033787.865
[  0, 0] : 128743339824783631098839040.000
[  0, 0] : 30597519666.041
[  0, 0] : 1146764913.314
[  0, 1] : 701933308.696
[  0, 0] : 201844812429.432
[  0, 1] : 101030746166.519
[  0, 2] : 67384466681.394
[  0, 3] : 50551018870.815
[  0, 4] : 40447301918.281
[  0, 5] : 33710090563.484
[  0, 6] : 28896765399.965
[  0, 7] : 25286277065.676
[  0, 8] : 22477846417.115
[  0, 9] : 20230901698.263
[  0, 0] : 165297968123.786
[  0, 1] : 82757700233.745
[  0, 2] : nan
[  0, 3] : nan
[  0, 4] : nan
[  0, 5] : nan
[  0, 6] : nan
[  0, 7] : nan
[  0, 8] : nan
[  0, 9] : nan
[  0, 10] : nan
[  0, 11] : nan
[  0, 12] : nan
[  0, 13] : nan
[  0, 14] : nan
[  0, 15] : nan
[  0, 16] : nan
[  0, 17] : nan
[  0, 18] : nan
[  0, 19] : nan
[  0, 20] : nan
[  0, 21] : nan
[  0, 22] : nan
[  0, 23] : nan
[  0, 24] : nan
[  0, 25] : nan
[  0, 26] : nan
[  0, 27] : nan
[  0, 28] : nan
[  0, 29] : nan
[  0, 30] : nan
[  0, 31] : nan
[  0, 32] : nan
[  0, 33] : nan
[  0, 34] : nan
[  0, 35] : nan
[  0, 36] : nan
[  0, 37] : nan
[  0, 38] : nan
[  0, 39] : nan
[  0, 40] : nan
[  0, 41] : nan
[  0, 42] : nan
[  0, 43] : nan
[  0, 44] : nan
[  0, 45] : nan
[  0, 46] : nan
[  0, 47] : nan
[  0, 48] : nan
[  0, 49] : nan
[  0, 50] : nan
[  0, 51] : nan
[  0, 52] : nan
[  0, 53] : nan
[  0, 54] : nan
[  0, 55] : nan
[  0, 56] : nan
[  0, 57] : nan
[  0, 58] : nan
[  0, 59] : nan
[  0, 60] : nan
[  0, 61] : nan
[  0, 62] : nan
[  0, 63] : nan
[  0, 64] : nan
[  0, 65] : nan
[  0, 66] : nan
[  0, 67] : nan
[  0, 68] : nan
[  0, 69] : nan
[  0, 70] : nan
[  0, 71] : nan
[  0, 72] : nan
[  0, 73] : nan
[  0, 74] : nan
[  0, 75] : nan
[  0, 76] : nan
[  0, 77] : nan
[  0, 78] : nan
[  0, 79] : nan
[  0, 80] : nan
[  0, 81] : nan
[  0, 82] : nan
[  0, 83] : nan
[  0, 84] : nan
[  0, 85] : nan
[  0, 86] : nan
[  0, 87] : nan
[  0, 88] : nan
[  0, 89] : nan
[  0, 90] : nan
[  0, 91] : nan
[  0, 92] : nan
[  0, 93] : nan
[  0, 94] : nan
[  0, 95] : nan
[  0, 0] : 2510938063.539
[  0, 1] : 2137640990.025
[  0, 0] : 1525367131.654
[  0, 1] : 1062920378.469
[  0, 2] : 808714448.593
[  0, 3] : 649540902.749
[  0, 4] : 541766179.608
[  0, 5] : 464274580.137
[  0, 6] : 406015699.777
[  0, 7] : 360662439.909
[  0, 8] : 324379684.009
[  0, 9] : 294708060.300
[  0, 10] : 269992200.438
[  0, 11] : 249091300.698
[  0, 12] : 231260649.369
[  0, 13] : 215759241.302
[  0, 14] : 202190944.083
[  0, 15] : 190223140.013
[  0, 16] : 179614462.190
[  0, 17] : 170105965.795
[  0, 18] : 161549727.091
[  0, 19] : 153807182.398
[  0, 20] : 146769839.863
[  0, 21] : 140346629.314
[  0, 22] : 134460163.725
[  0, 23] : 129047479.649
[  0, 24] : 124055916.784
[  0, 25] : 119431997.341
[  0, 26] : 115137286.127
[  0, 27] : 111139574.970
[  0, 28] : 107408765.235
[  0, 29] : 103947660.615
[  0, 30] : 100681819.024
[  0, 31] : 97612847.113
[  0, 32] : 94722960.026
[  0, 33] : 92006835.881
[  0, 0] : 43020815801.679
[  0, 1] : 21629429974.321
[  0, 2] : 14455167333.048
[  0, 3] : 10855956820.617
[  0, 4] : 8692117551.434
[  0, 5] : 7247676422.886
[  0, 0] : 13746497067454212.000
[  0, 0] : 396744226612380.312
[  0, 0] : 1297927829605864.250
[  0, 1] : 3513673108.135
[  0, 2] : 204330307.798
[  0, 3] : 122086302.127
[  0, 4] : 77734930.861
[  0, 5] : 55439268.855
[  0, 6] : 41376381.349
[  0, 7] : 31495080.424
[  0, 8] : 25073709.623
[  0, 9] : 20509137.714
[  1, 0] : 17753694.305
[  1, 1] : 14819193.705
[  1, 2] : 12476260.371
[  1, 3] : 10837714.836
[  1, 4] : 9781404.113
[  1, 5] : 8527834.762
[  1, 6] : 7548735.095
[  1, 7] : 6748917.990
[  1, 8] : 6083285.047
[  1, 9] : 5499171.976
[  2, 0] : 5004497.497
[  2, 1] : 4677205.429
[  2, 2] : 4333829.658
[  2, 3] : 3920162.479
[  2, 4] : 3587847.908
[  2, 5] : 3308117.381
[  2, 6] : 3057984.749
[  2, 7] : 2840926.942
[  2, 8] : 2638575.462
[  2, 9] : 2468721.915
[  3, 0] : 2296731.396
[  3, 1] : 2144792.395
[  3, 2] : 2012292.521
[  3, 3] : 1897290.619
[  3, 4] : 1777581.050
[  3, 5] : 1676613.416
[  3, 6] : 1580287.296
[  3, 7] : 1486357.252
[  3, 8] : 1396058.721
[  3, 9] : 1313674.708
[  4, 0] : 1243472.640
[  4, 1] : 1181045.773
[  4, 2] : 1125996.325
[  4, 3] : 1061144.205
[  4, 4] : 1102971.240
[  4, 5] : 987507.390
[  4, 6] : 923121.114
[  4, 7] : 875520.195
[  4, 8] : 822772.542
[  4, 9] : 957772.467
[  5, 0] : 804749.803
[  5, 1] : 734944.942
[  5, 2] : 686834.781
[  5, 3] : 650432.133
[  5, 4] : 619560.895
[  5, 5] : 598517.198
[  5, 6] : 557154.468
[  5, 7] : 532069.145
[  5, 8] : 507194.032
[  5, 9] : 479769.984
[  6, 0] : 455252.045
[  6, 1] : 447237.271
[  6, 2] : 428470.497
[  6, 3] : 403310.984
[  6, 4] : 382209.860
[  6, 5] : 362587.115
[  6, 6] : 345456.497
[  6, 7] : 328763.661
[  6, 8] : 313764.016
[  6, 9] : 305500.369
[  7, 0] : 288748.135
[  7, 1] : 274894.934
[  7, 2] : 261468.324
[  7, 3] : 251311.612
[  7, 4] : 239850.376
[  7, 5] : 229287.805
[  7, 6] : 220534.880
[  7, 7] : 211088.563
[  7, 8] : 201832.708
[  7, 9] : 194300.369
[  8, 0] : 184834.569
[  8, 1] : 177871.230
[  8, 2] : 170377.236
[  8, 3] : 163200.074
[  8, 4] : 157162.345
[  8, 5] : 164869.572
[  8, 6] : 150146.773
[  8, 7] : 141839.103
[  8, 8] : 135007.014
[  8, 9] : 129952.519
[  9, 0] : 123832.894
[  9, 1] : 118583.341
[  9, 2] : 114266.227
[  9, 3] : 108974.955
[  9, 4] : 104682.333
[  9, 5] : 100515.763
[  9, 6] : 96622.431
[  9, 7] : 92652.765
[  9, 8] : 88899.880
[  9, 9] : 85641.727
[ 10, 0] : 82467.019
[ 10, 1] : 78577.746
[ 10, 2] : 76951.015
[ 10, 3] : 73146.830
[ 10, 4] : 70451.645
[ 10, 5] : 67668.895
[ 10, 6] : 65561.190
[ 10, 7] : 64035.366
[ 10, 8] : 60788.012
[ 10, 9] : 58568.943
[ 11, 0] : 56423.799
[ 11, 1] : 54119.803
[ 11, 2] : 52249.241
[ 11, 3] : 50594.014
[ 11, 4] : 48718.271
[ 11, 5] : 46740.759
[ 11, 6] : 45283.359
[ 11, 7] : 43695.503
[ 11, 8] : 42395.790
[ 11, 9] : 40967.078
[ 12, 0] : 39754.769
[ 12, 1] : 38497.891
[ 12, 2] : 36988.766
[ 12, 3] : 35640.863
[ 12, 4] : 34733.737
[ 12, 5] : 33398.361
[ 12, 6] : 32191.166
[ 12, 7] : 31301.497
[ 12, 8] : 30187.925
[ 12, 9] : 29399.431
[ 13, 0] : 28267.515
[ 13, 1] : 27242.743
[ 13, 2] : 26439.667
[ 13, 3] : 26546.851
[ 13, 4] : 24787.693
[ 13, 5] : 24039.131
[ 13, 6] : 23862.459
[ 13, 7] : 22504.920
[ 13, 8] : 22360.856
[ 13, 9] : 23727.386
[ 14, 0] : 21106.924
[ 14, 1] : 20346.281
[ 14, 2] : 19712.010
[ 14, 3] : 19799822.475
[ 14, 4] : 4872224.184
[ 14, 5] : 3074070.568
[ 14, 6] : 162107.320
[ 14, 7] : 112196.957
[ 14, 8] : 102322.451
[ 14, 9] : 87135.175
[ 15, 0] : 80687.943
[ 15, 1] : 72366.901
[ 15, 2] : 67027.763
[ 15, 3] : 66249.242
[ 15, 4] : 58196.281
[ 15, 5] : 55359.945
[ 15, 6] : 54074.019
[ 15, 7] : 48492.385
[ 15, 8] : 46885.575
[ 15, 9] : 45490.347
[ 16, 0] : 46225.168
[ 16, 1] : 40482.191
[ 16, 2] : 40500.840
[ 16, 3] : 39546.746
[ 16, 4] : 36835.358
[ 16, 5] : 35811.977
[ 16, 6] : 34586.575
[ 16, 7] : 34309.856
[ 16, 8] : 32031.408
[ 16, 9] : 31451.191
[ 17, 0] : 32259.785
[ 17, 1] : 30802.410
[ 17, 2] : 32562.384
[ 17, 3] : 29956.007
[ 17, 4] : 28687.097
[ 17, 5] : 27916.867
[ 17, 6] : 26810.529
[ 17, 7] : 26381.480
[ 17, 8] : 26993.980
[ 17, 9] : 26370.531
[ 18, 0] : 25740.126
[ 18, 1] : 24811.862
[ 18, 2] : 24744.566
[ 18, 3] : 24944.645
[ 18, 4] : 23377.501
[ 18, 5] : 22753.847
[ 18, 6] : 22878.044
[ 18, 7] : 22578.920
[ 18, 8] : 22206.721
[ 18, 9] : 22309.784
[ 19, 0] : 21884.756
[ 19, 1] : 21712.492
[ 19, 2] : 21446.883
[ 19, 3] : 20711.260
[ 19, 4] : 20833.390
[ 19, 5] : 20811.904
[ 19, 6] : 20109.805
[ 19, 7] : 20166.022
[ 19, 8] : 20047.379
[ 19, 9] : 19738.213
[ 20, 0] : 19675.149
[ 20, 1] : 19694.745
[ 20, 2] : 19367.760
[ 20, 3] : 19323.681
[ 20, 4] : 18865.972
[ 20, 5] : 18715.903
[ 20, 6] : 18758.148
[ 20, 7] : 18471.835
[ 20, 8] : 18463.361
[ 20, 9] : 18365.705
[ 21, 0] : 18267.392
[ 21, 1] : 17944.330
[ 21, 2] : 18045.296
[ 21, 3] : 17913.172
[ 21, 4] : 17487.779
[ 21, 5] : 17605.527
[ 21, 6] : 17320.343
[ 21, 7] : 16879.671
[  0, 0] : 1361675526209908244480.000
[  0, 1] : 1080534522551.716
[  0, 2] : nan
[  0, 3] : nan
[  0, 0] : 3385193930.781
[  0, 1] : 2941886796.769
[  0, 2] : 2810158552.647
[  0, 3] : 2660372824.188
[  0, 4] : 2556229402.813
[  0, 5] : 2480773031.098
[  0, 6] : 2419907400.895
[  0, 7] : 2358256637.145
[  0, 8] : 2301520838.499
[  0, 9] : 2242652637.133
[  1, 0] : 2187259895.844
[  0, 0] : 2682218408.730
[  0, 1] : 2118548303.420
[  0, 2] : 1837336279.933
[  0, 3] : 1570033967.407
[  0, 4] : 1377558532.894
[  0, 5] : 1220632277.486
[  0, 6] : 1089067131.157
[  0, 7] : 975132273.166
[  0, 8] : 875434910.534
[  0, 9] : 788599401.418
[  1, 0] : 709475811.250
[  1, 1] : 643028664.124
[  1, 2] : 582446953.928
[  1, 3] : 529239280.198
[  1, 4] : 482866337.899
[  1, 5] : 441693418.488
[  1, 6] : 404376205.305
[  1, 7] : 370931043.607
[  1, 8] : 340565501.757
[  1, 9] : 313400107.941
[  2, 0] : 287952235.763
[  2, 1] : 265790805.333
[  2, 2] : 245770442.679
[  2, 3] : 227303107.543
[  2, 4] : 210691881.494
[  2, 5] : 196018511.216
[  2, 6] : 182315821.164
[  2, 7] : 170256859.909
[  2, 8] : 158449682.147
[  2, 9] : 148336355.759
[  3, 0] : 138972188.139
[  3, 1] : 149624614.028
[  3, 2] : 125242703.828
[  3, 3] : 115741266.988
[  3, 4] : 107748758.480
[  3, 5] : 100652397.904
[  3, 6] : 94388831.019
[  3, 7] : 88734133.168
[  3, 8] : 83444586.029
[  3, 9] : 78667914.654
[  4, 0] : 74227908.155
[  4, 1] : 70778120.564
[  4, 2] : 66640193.657
[  4, 3] : 62821652.186
[  4, 4] : 59361493.078
[  4, 5] : 56222452.887
[  4, 6] : 53463759.930
[  4, 7] : 50679540.887
[  4, 8] : 48476947.779
[  4, 9] : 45906609.650
[  5, 0] : 43612531.001
[  5, 1] : 41469276.062
[  5, 2] : 39406522.775
[  5, 3] : 37532853.423
[  5, 4] : 35806216.921
[  5, 5] : 34137844.123
[  5, 6] : 32525731.173
[  5, 7] : 31046557.872
[  5, 8] : 29664837.990
[  5, 9] : 28343814.984
[  6, 0] : 27052642.791
[  6, 1] : 25877554.364
[  6, 2] : 24732088.099
[  6, 3] : 23765122.014
[  6, 4] : 22677117.834
[  6, 5] : 21925358.490
[  6, 6] : 20798428.903
[  6, 7] : 19898565.301
[  6, 8] : 19067959.946
[  6, 9] : 18286752.013
[  7, 0] : 18152227.734
[  7, 1] : 16994802.695
[  7, 2] : 16210503.748
[  7, 3] : 15555340.591
[  7, 4] : 14919944.844
[  7, 5] : 14321349.658
[  7, 6] : 13828338.058
[  7, 7] : 13279098.100
[  7, 8] : 12757016.226
[  7, 9] : 141759884.744
[  8, 0] : 11885565.795
[  8, 1] : 1687829728.217
[  8, 2] : 10935605.945
[  8, 3] : 10434851.059
[  0, 0] : 47529.753
[  0, 1] : 10519.768
[  0, 2] : 7999.689
[  0, 3] : 7075.825
[  0, 4] : 6554.195
[  0, 5] : 6333.081
[  0, 6] : 6034.053
[  0, 7] : 5854.258
[  0, 8] : 5638.545
[  0, 9] : 5449.352
[  1, 0] : 5276.860
[  1, 1] : 5155.068
[  1, 2] : 5067.435
[  1, 3] : 4920.190
[  1, 4] : 4808.374
[  1, 5] : 4716.196
[  1, 6] : 4617.883
[  1, 7] : 4518.145
[  1, 8] : 4471.715
[  1, 9] : 4408.123
[  2, 0] : 4319.655
[  2, 1] : 4263.387
[  2, 2] : 4222.769
[  2, 3] : 4162.471
[  2, 4] : 4117.224
[  2, 5] : 4053.498
[  2, 6] : 3994.993
[  2, 7] : 3958.791
